0010000001001001
0100011001001001
0001110001111111
0001100001111111
1011111100000000
1011000001111000
0001111001111111
0001101001111111
1011000011111000
0100001010001001
0100000000001001
0100000001001001
0100001100001001
0100001111001001
0100000010001001
0100000011001001
0100000100001001
0100000111001001
0110000001001001
0110100001001001
1101000000000001
1110000000001011
0100010100000110
0100011100100000
1011111100000000
1011111100000000
1011111100000000
1011111100000000
1011111100000000
1011111100000000
1011111100000000
1011111100000000
